219.088905
219.117911
219.327882
219.326604
219.029854
218.929639
218.483052
216.330118
214.406898
213.780573
214.03262
214.358117
213.882712
213.106367
213.800893
214.164078
213.740327
213.140836
213.822366
214.052353
214.093014
213.762932
214.242213
213.915498
214.068952
213.297678
212.550456
211.859372
212.140448
212.595444
211.754412
211.665614
212.060065
212.265456
212.996653
213.076314
212.737883
212.924293
212.987306
212.562246
212.324169
212.329791
212.166502
212.800974
212.357124
211.576976
211.321148
211.29747
212.435243
212.646108
212.87942
214.002333
214.208823
214.575239
214.773715
214.6154
214.790481
214.774297
214.618789
214.675354
215.26135
214.990248
214.713163
214.167935
213.368238
213.549353
212.384326
211.816929
211.693382
211.101191
209.872479
209.324342
209.54743
209.877723
208.933615
209.636917
210.423699
210.893456
210.862613
210.570302
210.818361
210.566273
210.477747
211.331613
211.763689
212.238145
212.565039
212.744929
212.361267
211.791197
212.130594
211.95622
211.509696
211.507238
211.722148
212.113327
212.498139
212.685561
210.502652
210.410576
210.826456
211.00477
211.098274
212.000825
212.86359
213.313726
213.830146
214.244053
214.601179
215.155681
215.546146
215.275017
215.24442
215.875
217.653456
217.580138
214.996688
215.375778
215.224053
215.955942
215.597436
215.422854
215.763731
216.447482
217.984753
217.042948
218.09302
218.76948
218.884471
219.722966
220.826014
220.044744
221.387786
222.646809
221.018472
221.375759
219.948923
220.150865
221.220199
222.030688
222.457193
223.26233
226.000942
225.11379
225.822365
225.036368
223.449193
223.459685
221.555942
222.275183
222.912313
222.866332
221.765992
221.299118
221.264575
221.703157
221.469555
221.038952
221.576506
222.999645
223.362697
224.743284
224.619263
223.146881
222.839302
222.715794
222.593578
222.77965
223.028031
222.921742
223.236683
223.832737
224.444928
224.418542
225.593765
225.366296
224.732269
225.114082
224.663705
224.592663
225.239975
225.597581
226.219174
226.121879
225.883021
224.932982
224.211946
222.924958
222.545519
222.028996
221.507145
222.109334
223.261554
221.025619
220.049514
219.615065
220.071216
220.140293
219.592937
220.056199
221.847542
221.224633
221.172734
220.708538
220.522363
219.818753
220.273
220.573313
219.41622
219.714689
219.142927
219.424898
219.765728
220.351214
220.344146
220.274465
220.399165
220.291523
220.49618
220.937465
221.049017
221.379864
221.49861
221.220013
221.411136
220.953574
221.005314
221.527556
223.965813
225.555234
224.378373
223.832203
224.298607
225.070648
224.668482
223.711496
223.353719
221.808686
221.741908
222.773676
222.569719
222.33498
222.194614
222.310238
222.767061
222.853195
221.514319
221.219006
219.981446
220.724218
220.777504
219.093781
219.452827
219.667376
220.978037
221.027192
220.529868
220.200569
219.597471
220.887384
221.305447
221.053175
220.493925
220.649508
220.82107
220.493914
220.610521
220.767076
220.821817
221.081412
221.12037
221.227471
221.096622
221.531842
221.583494
221.349641
221.350842
222.198552
222.907801
222.038467
221.339349
221.699805
221.453475
221.070339
221.113258
221.183546
221.272044
221.476386
221.695456
221.58013
221.663504
221.466942
222.030642
224.576567
230.665717
233.828213
235.601209
234.059504
234.330109
233.215621
232.743624
235.106016
234.212339
233.926694
235.427644
236.571697
235.287562
233.543627
233.456404
233.630441
233.699023
232.87534
231.776316
230.834104
231.561624
232.128752
231.12048
229.997358
230.051735
231.145979
232.359326
232.988788
232.265576
232.162171
233.285186
233.701797
233.698374
233.366138
233.113415
232.950098
232.850021
233.261699
234.160191
233.54867
233.246773
233.26767
233.805798
233.920004
234.223717
232.800164
232.370856
232.522911
230.707992
231.196609
231.693472
231.452857
231.887788
232.800045
232.942865
233.018083
232.790952
232.37719
235.767705
237.094542
236.221444
236.009519
237.824941
237.210456
237.020475
235.909612
234.240247
233.902213
234.043
234.488406
235.456566
238.650907
239.235014
238.345981
237.549949
235.636506
236.054971
235.42288
234.846479
235.094008
235.378485
235.686902
236.916408
236.591736
236.491823
235.747284
235.651959
235.903988
236.06166
235.691688
235.172774
236.409831
236.782298
236.074054
235.938676
235.506692
235.152089
233.137294
233.020882
232.621581
232.039534
231.163508
232.222622
232.192963
231.985638
232.148426
232.851446
232.754258
233.301075
233.64635
233.479075
233.726243
234.187681
234.531342
233.152472
232.438448
233.209035
233.109067
230.282314
227.925472
225.327601
223.714265
222.994652
223.531844
223.187078
223.953961
223.465761
223.384788
221.98167
222.887873
222.87168
222.968477
223.071241
223.371095
221.766149
221.758358
222.706524
222.925998
222.950297
223.214764
224.64834
224.376171
224.519073
224.57252
224.662353
224.481675
224.207591
223.524663
222.65588
223.423861
223.493341
223.73684
223.480114
223.904102
223.702793
223.775791
223.777169
223.663476
223.60981
223.81646
224.371783
224.835628
225.213662
225.450619
225.446844
224.502567
223.876671
224.633616
223.982373
223.113582
223.029688
223.010709
222.934506
223.044153
222.61102
222.516898
222.55478
222.972564
222.515933
222.368012
222.684516
223.811589
223.900638
223.883735
223.669807
223.766027
223.867323
223.96699
224.371112
223.928514
223.569302
223.787706
222.307638
219.829174
219.199658
219.448522
219.219564
219.266525
219.105542
219.114275
219.323519
220.435658
220.726896
221.004543
221.565775
221.15378
221.354637
221.638621
221.439066
220.915967
220.632524
221.12236
221.137799
221.508316
221.340281
221.282838
222.563582
223.991404
223.513783
224.237826
224.421411
224.421549
224.530685
224.43746
224.310697
224.018888
224.427031
225.268548
225.775231
226.567702
225.860295
223.544996
222.326335
222.475192
221.789756
221.981421
222.735702
222.614061
222.236212
223.486592
223.923042
223.376355
223.087937
222.738442
222.553886
222.670174
222.901222
222.055028
221.688108
221.724611
221.783078
221.4162
221.366512
221.72126
222.158693
220.120484
219.682986
219.717976
220.02031
220.744381
221.34699
221.746944
221.826592
221.854371
221.783549
221.840196
222.520118
222.691402
222.564427
223.511605
226.247482
224.09027
223.99199
223.120848
222.665809
223.565379
223.926133
222.865912
222.831313
222.398561
222.827363
223.225384
223.364537
223.684746
223.671271
223.246486
223.06642
223.44094
223.530433
223.558432
223.6168
224.08661
223.495884
223.765345
224.557067
223.927138
224.222843
224.260254
224.388994
223.83887
223.720403
223.773465
223.941282
223.918033
224.345378
224.476349
224.558127
224.83073
224.855839
224.767248
224.632916
224.614117
224.509385
224.398904
224.538806
224.491426
224.552044
224.267014
223.904568
223.945276
223.927768
224.039484
223.972588
223.145912
222.778722
222.969016
222.586031
222.798165
222.436165
221.548189
221.299492
221.561839
221.692267
221.991465
221.783537
221.6856
221.487217
222.047274
223.115145
222.655335
223.503347
223.454627
223.601846
223.767426
223.724502
223.472393
223.606488
223.684496
223.486696
223.140264
222.682322
222.753926
222.387627
222.695453
223.096535
223.361728
223.290224
223.29291
223.175406
223.735975
223.694971
223.187033
222.997396
222.816603
223.105531
223.156148
223.431291
223.562392
223.539008
222.912303
223.16112
223.399555
223.318865
223.255886
223.350365
222.998091
223.089199
223.102194
222.962661
223.289254
223.418415
223.892045
223.653195
223.949889
223.567608
223.375334
223.006916
222.421867
216.199665
215.219028
215.533693
213.82363
214.125703
214.263207
214.534395
214.100582
213.519781
213.450623
214.297022
215.133365
215.118938
214.543154
214.248135
214.83959
215.444016
215.051756
214.699646
214.237854
213.640447
213.689146
213.851223
214.823835
214.863907
214.819429
214.782971
214.828886
214.744508
214.71788
215.012325
215.353917
215.371239
215.514924
215.440236
215.097673
215.485309
215.562311
215.862787
215.640881
216.006421
215.241417
214.431008
214.814277
214.819307
214.840148
214.49539
214.458187
215.287765
214.939777
214.960434
214.868043
215.013725
215.987931
215.599957
215.891471
216.186965
215.252296
216.227425
216.240806
216.540911
216.474938
216.725854
217.01172
216.591133
215.984992
215.958502
215.762506
215.765391
216.228071
216.234086
216.030238
216.277091
216.715656
216.982525
217.310488
217.025776
217.127104
216.797035
215.640595
215.312955
216.05605
216.225129
216.44424
216.372113
216.256772
216.331508
216.559302
216.74526
216.880922
216.949486
216.730893
216.949527
217.087804
217.153475
214.99048
214.577267
214.665205
214.350619
214.600586
215.05755
215.242659
215.490531
215.562426
215.893467
215.51327
215.809222
216.020743
215.870937
215.970859
215.866914
216.243078
215.849755
215.701389
215.538979
214.241049
214.521453
214.514086
214.614015
215.014193
215.099375
215.113459
214.919393
214.886529
215.09178
215.522894
215.474643
215.692125
215.865822
215.920167
215.913892
216.049222
215.755768
216.28166
219.797415
219.284043
220.516851
220.370224
219.913817
220.911313
220.955864
220.0278
220.254415
220.459872
220.7099
221.289967
222.524401
222.289176
221.412198
221.671044
221.12896
220.517038
220.45928
219.664175
220.01113
220.700779
220.911145
220.761027
220.341132
219.617766
219.866149
220.520722
220.645345
220.6403
220.512922
220.137881
220.39667
220.782857
221.451021
221.470282
221.165135
221.349946
220.760706
220.645798
221.119558
221.120882
221.038723
221.016219
221.354464
221.397889
220.959683
220.102739
219.874391
220.587605
220.872972
220.902386
221.354036
221.297343
220.865121
219.193177
219.559335
217.9006
218.537241
218.413494
218.742697
218.568314
219.073866
219.721872
220.418651
220.507414
220.388781
220.204312
220.3692
220.262913
220.762214
220.885651
221.306719
220.949737
220.919545
221.149512
221.573767
221.835902
221.644709
221.380959
221.790045
222.00748
222.176972
222.027279
222.229359
222.371543
221.929787
221.809735
221.823757
221.934347
221.695988
221.431137
221.196736
221.266727
221.26163
221.333445
221.436762
221.524904
221.808898
221.80888
222.175127
221.432409
219.980096
220.823288
220.644045
220.615557
220.799553
220.700217
219.894905
219.200129
219.439801
219.745943
220.347821
220.295203
220.283751
220.953502
220.987486
220.789473
220.860809
221.2426
221.637534
223.606673
224.450829
224.189695
224.319257
224.7385
224.641683
224.555022
224.481215
224.196882
224.192389
224.166552
224.358865
224.217794
224.21462
224.336552
224.151813
224.753775
224.886161
225.189933
225.29563
225.293968
225.357716
225.051372
223.7958
223.459214
223.461576
223.306623
222.533861
222.117251
221.74246
222.176074
221.972414
221.327496
221.429159
221.65294
221.09673
221.128944
221.676859
221.826008
221.935494
222.384556
222.228684
221.942565
222.210529
221.95998
221.347306
220.872893
221.073404
221.096109
221.126646
222.255583
223.077251
223.331716
223.420918
223.115367
223.271708
223.296334
223.111686
223.527374
223.792406
223.90317
224.176875
224.229924
223.841048
223.773939
223.195278
222.909416
222.980908
223.462562
223.756921
223.878645
223.879921
223.885365
223.746721
223.838794
223.947118
224.409913
224.207696
223.915596
223.778056
223.317246
223.665138
223.66589
223.680988
223.730008
223.657058
223.29589
223.692241
223.83505
223.725474
223.898876
223.728748
223.484389
223.42681
223.311126
223.180634
223.659736
223.52689
223.63971
223.571334
223.768812
223.918816
223.706138
223.708342
223.421797
223.429185
223.418624
223.23717
223.171041
223.069375
223.104397
223.291029
223.429401
223.151439
223.005389
222.629638
222.842778
223.048358
223.047984
222.792476
222.679143
222.693804
222.801847
222.308311
222.501602
222.803686
222.876418
222.81096
222.574305
222.411422
222.16353
222.179795
222.23643
222.571839
222.870132
223.328454
224.676599
225.222819
224.799692
224.8925
224.894315
224.668795
224.535117
224.582193
224.852565
224.993681
225.214048
225.01068
224.987609
225.038372
225.981576
226.020959
225.139498
225.211902
225.579296
225.572102
225.11746
224.873198
224.860802
224.233201
222.677896
222.210043
222.66622
222.77626
222.758855
223.054404
222.986532
223.176133
223.307276
223.341606
222.733308
222.414484
222.320494
222.918778
223.154291
223.297612
221.814452
221.183472
219.218277
219.467187
218.964158
219.142105
219.4038
219.663012
219.534873
219.842984
219.663758
219.499069
219.424171
219.480669
219.908978
220.28037
221.458102
221.033508
221.023723
220.937348
220.691722
220.765325
220.960508
220.923508
220.5904
220.813637
220.861093
220.771196
220.533518
220.804822
220.768014
220.71188
220.973873
220.824825
220.549431
220.77194
220.620279
220.614659
220.722961
220.466113
220.591531
220.621837
220.506724
220.676566
220.919563
220.754873
220.879998
221.040131
220.880814
220.810831
220.910543
221.2191
221.444373
221.506197
221.53752
221.461017
221.410302
221.229373
221.288337
221.276484
221.351083
221.389735
221.322333
221.118924
220.570631
220.703779
220.74523
220.989687
221.611012
221.329859
220.949569
221.16929
221.053232
221.044087
221.231186
221.079404
221.493733
220.762762
220.389634
220.014338
219.888185
218.640415
218.080558
218.776277
217.670649
218.848595
218.391684
217.503324
218.023421
218.999213
219.21792
219.010267
219.214537
219.37769
219.195403
218.890933
219.438257
219.32016
219.722492
219.558806
219.431965
219.438146
219.491124
219.643676
220.93999
221.255761
221.109225
220.745479
221.098219
220.79751
220.800539
220.211693
219.644937
219.269508
219.265389
219.489013
219.607887
219.283673
219.091317
218.745335
218.688936
218.223628
218.49492
217.012756
215.274946
215.82279
215.457882
216.627078
216.545679
216.657043
216.624734
215.710318
216.114398
216.371362
216.528996
215.565265
215.979028
216.15339
215.63936
216.028522
216.534699
216.482436
216.277363
216.201141
216.032589
216.104258
216.384936
216.887065
217.097543
217.244295
217.096133
217.251941
217.57656
217.765016
217.745058
217.482674
217.326798
217.421404
216.931525
217.271258
217.461242
217.487488
217.467486
217.443002
217.684674
217.712629
217.651048
217.435465
217.450065
216.647426
217.143601
217.756531
217.47935
217.515132
217.311743
218.146053
219.108281
218.856535
219.103909
219.190687
219.227203
219.072512
219.346308
220.237341
220.230577
219.340373
219.536665
219.58172
219.538786
218.345565
218.009752
218.055825
218.389905
218.401018
218.522256
218.623633
217.988237
217.925448
217.819955
217.557889
217.570054
217.637533
218.339924
218.046675
217.821326
217.714516
217.701808
217.880144
218.039037
218.020279
218.166079
218.29791
219.02966
219.507239
219.451628
219.883937
219.81216
218.672016
218.529432
218.625369
218.426771
218.111986
218.138294
217.780602
217.51832
217.609988
217.564514
217.749646
217.992125
217.52643
217.359215
217.045976
217.024704
215.410629
214.919699
215.347219
214.380305
213.907909
213.695837
214.239354
214.57395
214.876754
215.236004
214.993506
214.675398
215.070966
215.220339
215.431241
215.624319
215.571302
215.23444
215.279728
215.032314
215.535807
215.399211
215.86711
216.010014
215.680192
215.643237
215.066813
214.892196
214.990662
215.139936
214.762851
214.447315
214.443166
214.716239
214.166984
214.490913
214.043984
214.08878
214.161929
214.361607
214.621307
214.573089
214.258747
214.169861
214.419719
214.410496
214.457949
214.606915
215.265772
215.737711
215.307243
215.679915
215.726236
215.460014
215.25977
215.124398
215.228345
215.230295
215.209512
215.685391
215.992759
215.85179
216.048791
216.336486
217.057524
217.855448
218.795996
218.929591
217.787486
217.947784
218.351261
218.64857
218.938458
219.879591
219.470458
219.488984
219.671271
219.572815
219.622381
219.504744
219.501627
219.365285
219.577864
219.181206
218.860828
218.10739
218.525892
218.629855
218.465309
218.58195
219.554669
218.77463
217.30162
217.297137
217.367231
218.2085
217.904615
217.785582
218.217084
217.833567
217.77172
217.987276
217.668727
217.498159
217.682071
217.601441
217.700263
217.704163
217.903024
218.284599
218.382816
218.301875
218.873255
218.916647
219.101681
219.243982
219.719566
219.60101
219.97318
219.268608
219.094051
219.38031
219.64025
219.783949
220.208143
220.288344
219.838775
220.208795
220.387643
220.348339
220.441178
219.975138
219.777696
219.696866
219.845049
219.904
219.89418
219.288873
219.355537
219.089816
219.028111
218.932238
218.921955
219.184529
219.189325
219.348745
219.660192
219.702766
219.532379
218.951316
219.522661
219.518411
219.460488
218.895066
219.025765
218.966748
219.249549
219.308315
219.348226
218.932211
217.815473
217.92543
218.073718
218.232136
218.342156
218.319329
217.939659
218.289525
217.442314
217.11876
216.794875
217.548208
217.380479
217.150156
217.318233
217.44932
217.477967
217.699236
217.997884
218.288873
218.591947
219.530849
219.662788
218.806646
218.407763
218.433524
218.664371
218.545698
217.858484
218.182544
218.548131
218.854374
218.52824
219.021023
219.218377
219.206908
219.112032
219.285287
219.320123
219.13626
219.077035
219.03063
218.587832
217.982065
217.466284
217.535619
217.763059
217.740348
217.554781
217.835767
217.952031
217.957076
218.267925
218.178709
218.553108
218.887331
219.315206
218.953688
218.752737
218.74917
218.9097
218.862259
218.307852
217.880924
217.561673
216.905547
216.568381
216.233314
215.985018
215.935279
216.436845
216.167014
215.916105
216.327294
216.434565
216.279207
216.176913
215.495756
215.867196
215.74831
215.464259
215.625288
215.905729
215.997722
216.13652
216.374857
216.581484
216.52892
216.444808
216.631459
216.476535
216.253098
216.264992
216.083496
216.212526
216.479984
216.519875
216.083701
215.30164
215.263512
215.210192
215.493197
215.728806
215.825667
215.318447
215.397333
215.39608
215.574008
215.92052
215.98478
215.923618
216.029129
216.315184
216.257806
216.248149
216.233458
216.426819
216.493843
216.476472
216.429269
216.272248
216.182928
215.732787
215.516906
215.559413
215.604811
215.699983
215.970045
215.98585
216.02409
216.038752
215.909155
215.951348
215.808483
215.544296
215.284131
215.201615
215.08897
214.895357
214.567438
214.654207
214.927705
214.963772
215.245099
215.791299
216.313066
216.49025
216.49025
216.431314
216.411822
216.18216
216.376793
216.501256
216.136604
216.143661
216.106298
216.035688
216.210661
216.127648
216.271757
216.253079
216.293948
216.414781
215.815387
215.908209
216.313661
216.390512
216.639345
216.676829
216.601608
216.336535
216.45446
216.549542
216.867582
216.765246
217.484012
217.579245
217.492119
216.983792
216.771504
216.720592
216.937246
216.975196
216.925538
216.942728
216.883129
216.86947
216.894374
216.920154
216.949496
216.764575
216.799276
216.89758
217.326086
217.231594
217.241002
217.611833
217.59697
217.580305
217.434173
217.520012
217.678771
218.077583
217.961737
217.853419
217.910211
217.413736
217.31677
216.990398
216.937608
217.642468
217.671014
217.444256
217.298869
217.427753
217.664441
217.67426
217.691066
217.480206
217.525415
217.904306
218.282149
218.287227
218.356747
218.230412
218.079524
218.133287
218.665545
218.60826
218.544151
218.340846
218.48886
218.378535
218.125159
218.76463
219.06286
218.755504
218.8165
218.33263
218.473031
218.59965
218.347457
217.956212
217.722847
217.745183
217.759155
217.619067
217.393657
217.686697
217.587667
217.437091
217.247543
217.704119
217.765121
218.483955
218.852992
219.031325
219.646377
220.778828
220.323512
220.486897
220.292636
219.673066
219.547401
219.090383
219.234308
219.766438
220.712693
221.904216
221.323247
221.63669
221.650224
222.81502
224.181876
224.725757
227.716066
227.957069
226.977463
226.645115
227.361326
227.738423
226.924347
226.253037
226.423205
225.745375
225.392267
226.214394
226.058356
228.103605
230.379952
230.704897
232.02168
232.027429
231.836307
230.97251
230.914628
230.533457
230.482422
231.471535
231.312262
229.857641
229.154787
229.395897
228.941311
228.405673
228.878643
230.051623
231.252453
230.821088
230.337924
229.77385
229.885238
229.763886
229.622342
229.948014
230.472862
230.765542
230.887727
230.707219
229.915414
229.402301
229.430579
229.591777
229.563038
230.345158
231.09129
231.153227
232.294153
232.587129
234.658884
234.333159
234.419691
233.466585
234.099152
233.17298
233.439165
233.292866
233.805433
233.974937
232.8531
232.731923
233.869422
234.305917
234.165585
234.154218
234.91757
234.331593
232.73129
232.744184
233.399191
233.29595
233.366948
233.55068
233.508856
233.441086
233.413313
233.389196
233.483036
233.545818
233.604808
233.311287
232.807115
232.104427
231.475325
231.029791
230.793306
230.65851
231.204465
231.227346
231.592038
231.603217
232.047215
231.936685
232.014472
232.317192
232.050774
232.774659
232.699536
232.778508
233.096844
233.219709
233.825403
234.182637
233.919642
233.951329
234.434361
233.75798
234.047329
234.177734
234.452871
234.422397
234.32424
234.09941
233.664871
233.294259
233.041886
232.445899
232.68349
232.990655
233.099301
233.573248
234.080422
233.863604
233.582002
234.185777
233.977106
234.135012
234.452604
234.776642
234.812654
234.734788
235.202479
236.688047
239.934498
241.020217
242.16451
242.178018
242.345722
242.56651
244.222331
244.196988
244.545881
244.893888
243.563008
243.109972
243.759225
243.935597
242.77437
242.733246
243.021868
243.540041
243.73315
243.870882
245.677445
245.412461
245.22988
245.268325
245.038236
245.335602
245.364059
245.280709
245.43439
246.367347
246.036457
246.072037
245.91027
245.920504
245.700526
245.075292
243.959461
242.261109
240.273964
241.708338
241.690609
240.530608
240.066441
240.659811
241.379192
242.247273
242.181887
242.696839
243.180274
243.395531
243.494771
243.233162
243.180235
243.471352
243.434735
243.334459
243.544073
244.569139
245.33101
245.768033
245.761837
247.195242
247.134308
246.765375
246.106055
245.550928
245.855383
245.782571
245.183753
243.664765
244.400753
244.650553
243.821145
242.776022
242.719255
242.871019
242.530665
243.017578
244.472714
244.094563
244.036904
243.74626
244.273516
244.231725
244.432058
244.750091
244.441345
246.138153
246.368778
250.915923
251.790636
252.681217
252.600878
253.245194
252.682599
251.912906
252.965714
252.655754
255.440278
257.050304
256.084429
256.393298
256.505776
256.259947
257.072674
257.186484
254.29952
255.383647
256.496051
256.782504
256.085098
254.956478
255.41375
255.644735
255.554765
256.202
257.818756
257.828722
258.253041
259.49942
261.141306
259.716884
259.054885
258.155876
257.78644
258.230955
258.372936
258.938146
258.935447
258.770915
258.834122
258.193002
257.918917
255.190033
254.180864
254.33727
254.700752
254.492528
255.548524
256.384614
255.997251
254.944262
254.193923
254.680233
255.185346
255.662872
255.833855
257.128216
257.40646
257.244055
257.043687
257.077722
257.658279
259.048665
258.254845
257.975049
257.238706
256.738225
256.655953
256.618883
257.297742
257.506004
257.520419
257.518524
261.265693
262.577024
263.892386
264.636295
263.490911
262.841896
262.158725
261.336512
260.864974
261.797444
259.999898
256.893004
254.208913
252.84654
252.25042
252.804708
252.533248
251.339554
251.758432
252.062452
250.964002
249.032703
247.783536
248.340364
249.211298
248.214858
247.53154
246.628504
247.116262
247.094998
247.006362
245.165898
245.575169
245.137463
241.4398
240.966613
240.614225
240.615927
238.465799
239.398649
240.653775
242.166225
241.639261
240.766954
240.393219
239.881964
238.576758
239.241387
240.550565
241.116695
242.047362
241.299922
240.851847
241.323449
241.614545
241.904666
241.237396
241.038859
241.446585
241.219635
239.960929
236.201263
234.209352
234.383521
232.372363
227.258545
225.253679
224.963294
225.37928
226.197381
231.825816
229.468228
230.766492
230.76011
230.134756
230.656711
229.99994
229.532672
228.820687
229.254612
229.175148
228.657392
229.542607
230.10143
229.937768
229.948064
230.122364
231.138908
231.344782
231.784464
230.705976
229.854334
229.455099
229.613363
229.40936
229.460974
229.745387
229.691169
229.334707
226.872544
226.260554
226.437798
226.55529
226.612468
227.427238
228.701699
228.584754
228.883063
229.176633
228.769113
228.94645
229.348914
228.963319
227.91747
227.837424
227.68727
228.755787
229.115004
229.266701
229.011426
229.171454
229.47698
229.608291
229.898393
230.150594
230.638924
231.174122
231.760776
232.56205
233.217349
232.716728
231.864048
231.597518
231.464578
232.105431
232.152008
231.955177
229.207448
229.482394
229.455825
229.391065
228.983516
229.106826
229.397842
229.760784
233.432783
235.955581
236.306463
235.60104
234.763094
234.27703
234.537291
234.134221
233.803114
233.610056
233.56997
233.554835
231.267291
230.400624
230.859843
230.221506
228.882162
229.234895
230.213266
230.06821
230.528827
231.472195
231.29525
231.462528
231.069331
231.061538
231.351756
231.821502
232.114591
232.4518
232.654806
233.284356
233.376284
233.387173
233.649422
233.639717
233.659516
232.694832
232.773283
232.741357
233.179054
233.649823
234.059868
233.989554
234.04452
234.375029
234.498108
234.901676
233.87387
233.280988
233.083977
232.466304
232.765159
233.003476
232.677759
232.560156
232.9913
234.328118
234.061176
234.163604
233.952276
233.96283
233.833603
233.862755
234.06696
234.136581
234.40228
234.555243
234.818402
234.650275
234.867367
234.783227
235.84506
235.00573
233.924656
233.670771
231.371612
231.985469
232.429356
232.902043
232.052926
232.441451
232.738488
232.418925
232.272762
232.941028
231.200252
230.712625
230.769752
230.558069
230.863551
231.556404
231.604907
231.581088
231.129667
231.050545
231.901688
232.307573
232.450357
232.504164
232.920063
232.918227
232.929233
232.946432
233.340307
233.775973
233.432498
233.453385
233.604375
233.328141
233.608047
233.517358
233.677345
233.509925
233.589671
233.891122
233.511035
233.399712
233.541743
233.511405
233.716888
233.835073
233.728547
233.705134
234.072257
234.042268
233.789521
233.730851
233.724056
233.775404
233.87657
233.977913
235.029254
235.397719
235.426802
234.991408
234.964048
234.673255
235.025545
235.199304
235.169352
235.80683
235.754711
235.714319
235.246934
235.664794
236.272518
236.102687
236.376024
236.496949
235.308512
234.621957
234.098144
234.119784
234.584863
234.901125
234.674821
234.660872
235.318395
235.234876
235.552021
235.579791
235.380392
235.865984
235.84587
235.887086
236.026827
236.037883
235.529725
235.245619
235.184615
234.465726
233.645941
233.119094
233.552093
234.825085
234.969793
235.227375
235.055955
235.675622
235.606163
235.951056
237.374286
236.957296
237.165565
236.653046
236.701546
236.961895
237.170383
240.727567
240.83945
241.315717
241.536288
242.238355
241.966719
240.904581
239.94618
239.346461
239.86091
239.70479
239.198598
238.966299
239.065745
238.58752
239.120151
239.887349
239.418889
239.084275
237.317738
236.94498
236.613599
237.654566
237.32984
237.452063
236.616249
236.576426
236.777337
236.829504
237.429407
237.726192
237.726679
237.771639
238.096436
238.368796
237.606755
237.997574
238.377982
238.451818
239.193648
239.215785
239.34452
239.468022
239.750953
240.276878
240.458504
238.564988
238.810023
239.059903
238.817886
239.57192
239.591649
239.835535
240.480434
240.20901
240.412607
240.570508
240.32766
240.262064
240.059394
240.329354
240.863901
241.129984
240.439335
240.499551
240.147547
240.38052
240.078632
239.969619
239.764919
239.515341
239.598142
239.379525
239.403703
239.373811
239.491465
239.489431
239.205406
239.467104
239.339037
239.624404
239.219833
239.05997
239.241961
239.35175
239.446037
239.735744
238.715413
238.025216
238.684532
238.561715
237.995871
237.749809
237.9207
238.157996
237.77658
237.869465
237.754829
237.863498
237.321533
237.114236
237.029113
236.941874
237.072846
237.605419
237.840159
237.829224
238.164398
238.21597
237.889116
237.848933
237.824821
238.005943
238.260012
238.504185
239.05193
239.416117
239.515712
239.318173
239.260276
238.717843
238.383223
238.617812
238.020314
238.082631
238.445286
238.236941
238.316292
238.257814
237.902853
236.673107
235.530984
233.875365
234.039179
234.453541
234.201836
233.234359
233.21724
233.371831
233.891753
234.045254
234.723918
234.847693
234.72618
234.668057
234.470183
234.054053
233.402162
233.508504
233.669422
232.354238
230.485435
230.411664
230.674161
230.675978
230.624616
230.270173
229.261928
231.149767
231.982902
232.129585
231.725652
230.262925
230.082285
230.468583
230.945512
230.336325
230.636986
230.67948
230.597448
230.224684
229.641255
230.302968
230.928038
230.67189
230.242984
230.527821
230.822027
230.449088
231.52158
231.748752
231.901436
231.891887
231.821085
232.227283
233.396292
233.400988
233.00088
233.044773
232.540025
232.263841
232.499054
232.878439
233.511469
233.298376
233.650604
233.336665
233.35158
233.372828
233.320738
233.155786
233.080549
233.590724
232.702871
233.22765
233.057179
233.165962
233.285303
233.504603
233.924488
234.390889
234.239781
234.100994
234.148704
234.408231
234.433317
234.201398
234.314159
234.347086
234.193563
234.260008
234.401849
234.408895
234.342035
234.423678
234.18401
234.312095
234.40155
233.824222
232.933664
233.336074
232.925955
233.534016
233.228154
232.401004
232.462964
232.332384
231.960842
232.065807
231.945455
232.185844
232.557132
233.048375
233.646673
233.800721
233.045643
232.860561
232.629236
232.603213
232.675178
232.967175
233.389896
234.368701
234.31064
234.28216
234.160413
233.609441
233.894516
234.385581
234.387445
234.356197
234.034943
233.962984
233.760476
233.159059
233.010148
233.363163
233.231844
233.175961
233.547288
233.766435
234.034206
234.015545
233.911314
233.46289
233.573163
233.570288
233.230409
233.069575
233.365669
233.954799
234.033079
234.229719
234.186034
234.154512
234.178407
233.62395
234.157851
234.441095
234.533031
236.011553
235.614153
236.439304
237.093943
236.943874
236.842621
236.77892
236.832089
237.911874
237.480777
237.167548
237.641757
237.750208
237.357903
237.990816
238.396197
236.906186
236.609226
236.16985
235.836581
235.038516
235.520864
236.184877
235.859239
235.546553
235.617744
235.81651
235.853988
236.199269
236.255631
235.659134
236.050864
235.851847
236.073053
236.21767
236.532059
236.535871
236.673569
237.264794
236.706432
236.06265
235.593206
236.298673
236.448752
236.321098
236.500147
236.655148
236.7
236.83105
236.781666
236.621609
236.701051
236.53433
235.142257
234.860332
235.600739
236.05624
236.187978
235.856038
236.158876
236.392609
236.404291
235.943899
235.877543
235.980297
236.163101
236.31656
236.863688
237.120841
237.937121
238.618185
239.186582
238.361247
238.826675
239.220883
239.122133
239.357602
237.187117
235.591369
236.420825
236.508208
236.253736
235.969496
235.928576
236.545428
237.021363
236.81838
237.904637
238.273164
237.324663
237.731131
238.41502
239.334183
239.541827
239.957246
240.39899
239.639276
239.424708
238.877229
237.541046
236.156122
237.829793
238.572272
238.432788
238.83286
238.221424
238.254392
237.940028
238.073448
238.144464
236.988984
237.371556
237.93789
237.376533
236.286819
236.151367
236.245709
236.894405
236.860363
236.847201
236.815315
237.077859
237.258514
237.365835
237.499224
236.69652
236.230578
236.846711
237.264484
237.211442
237.75955
237.662441
237.979518
238.032631
238.162766
238.525673
238.237854
237.447156
238.556396
238.111907
238.126161
237.122992
236.897188
236.121185
236.590682
236.504172
237.0094
237.029148
236.886144
236.321677
236.281683
236.031826
236.22891
236.789689
236.8681
236.350432
236.778393
236.576963
236.693823
236.869852
236.872093
237.111056
236.865704
236.659681
236.70099
236.351371
236.26289
236.593633
237.028211
237.275125
237.725593
237.903126
237.791566
238.075859
238.393504
238.098405
238.176683
238.322512
238.038623
237.810663
237.544808
237.392438
237.644893
237.662305
237.721624
237.827835
237.740992
238.172502
238.155905
238.267693
238.106113
237.935373
238.337136
238.29925
238.332914
238.5105
238.543233
238.096923
237.74733
237.950047
237.823159
237.828432
237.706087
237.914304
238.067354
238.197146
238.158299
238.256137
238.273488
238.11461
238.493046
238.548297
238.316199
237.96719
238.163541
238.172063
238.175232
238.315887
238.190413
238.055939
238.311582
237.736754
237.849856
238.200561
238.098786
238.128393
237.727986
237.571597
237.868626
238.320367
238.024786
237.614895
237.008069
236.930114
236.831988
237.415804
237.637873
237.313986
236.629955
236.634549
237.499982
237.726253
237.806958
237.579075
237.17397
237.132105
237.440037
237.131516
237.343429
237.312994
237.678332
237.918066
238.091819
238.139756
237.948216
237.637554
237.644864
237.889385
237.707748
237.795142
237.82753
238.255813
237.961237
238.112317
237.371582
237.234349
237.76205
237.254394
237.204203
237.188059
237.287496
237.482006
237.348527
237.44503
237.626091
237.474122
237.335588
237.298849
237.407488
237.199474
237.40052
237.212387
237.273153
237.483298
237.731149
237.551538
237.585462
237.797573
237.35841
237.460982
237.638237
238.011636
238.126225
237.917694
238.002838
237.475874
237.57379
237.494308
237.326414
237.464634
237.136149
237.52411
237.268891
236.98696
237.00519
237.234417
237.120844
236.971658
237.213772
237.454332
237.281206
237.26082
237.122607
237.137147
237.344303
237.631976
237.547492
237.693022
237.557484
237.876831
237.759604
237.390704
237.62762
237.739704
237.863067
237.754976
237.699244
237.665295
237.274053
237.639492
238.11547
238.138296
238.229082
238.291669
238.501286
238.434121
238.551573
238.796416
238.649325
238.133173
238.137004
238.174691
238.319172
238.428268
238.283366
237.900512
238.219119
238.317619
238.087835
237.903937
238.072475
237.988445
238.371582
238.271972
238.425117
238.235276
238.364063
238.332804
237.927849
237.901587
237.893857
238.083453
238.375299
238.201914
237.976552
238.166896
238.245786
238.062205
238.189994
238.342176
238.368392
238.3102
238.361553
238.385115
238.479044
238.305627
238.26503
238.64656
238.23289
238.333621
237.800496
237.857998
237.938215
237.782955
237.660154
237.626384
237.569869
237.072045
237.099396
237.549771
237.617255
237.465744
237.506249
237.457157
237.527253
237.630101
237.705202
237.497968
237.556352
237.917202
238.067187
237.520514
237.625691
237.460939
237.887132
237.890496
237.931108
237.905923
237.878435
237.910654
237.897431
237.829589
237.371969
235.150607
233.283374
233.005906
232.783442
231.338851
231.802367
231.945494
231.328815
231.453137
231.354006
231.727027
231.256543
231.310126
231.291672
230.711849
229.456146
229.829362
230.286716
230.159383
230.074676
229.933424
229.783502
229.721348
227.714209
228.219618
229.069779
229.339748
229.547465
227.080012
227.688206
227.598857
228.842208
228.859521
229.153404
229.445575
229.736886
229.575613
230.195326
230.183364
229.483041
228.944518
228.715527
228.765693
228.854484
228.661402
228.791104
229.003139
229.276174
228.91701
227.896799
228.195792
229.237745
229.459207
229.303104
229.614368
229.807744
230.37
230.113971
230.221469
230.401739
230.405853
230.348035
230.524943
230.718152
230.687391
230.815309
230.802766
230.805878
230.691919
230.946465
231.12695
231.355927
231.291483
230.471331
230.370679
230.4279
230.921954
230.523831
230.510104
230.527894
230.641392
230.092905
230.087122
229.870438
229.700937
229.684744
229.709692
229.819647
229.838235
229.642075
229.591131
229.560319
230.05589
230.224838
230.040616
229.997338
230.114309
230.056261
230.901835
231.080562
230.964295
230.987693
231.001292
230.847199
230.832381
230.526625
230.204328
229.655195
229.481688
229.615271
229.417833
229.156253
229.217477
229.333161
229.297527
229.015379
229.147475
229.513916
229.498324
229.133877
228.277973
228.048766
228.30107
228.363161
228.345147
228.450425
228.497394
228.559577
228.659365
228.028196
227.369685
226.305952
226.173452
226.164079
226.243035
225.820651
226.380154
225.945578
226.386984
226.527534
226.498262
227.159932
227.039835
227.253858
227.290166
227.689189
228.430576
228.259591
228.684591
228.571516
229.088698
229.095587
227.374309
227.554964
228.542941
228.503711
228.783092
229.022559
229.038858
229.422343
229.708774
229.499461
229.805988
229.531251
229.95568
229.961488
229.968947
229.781566
229.917508
229.716353
229.6705
229.538042
229.704604
229.487259
229.708721
229.965416
230.047318
229.417418
229.503968
229.748692
229.511146
229.737641
231.639986
233.5444
233.228823
232.392245
232.472357
233.049406
232.889841
233.03343
232.951453
233.335656
233.278904
233.146974
233.139037
233.148628
233.092078
233.646271
232.781804
232.963726
233.189796
233.257982
233.323722
233.016897
233.030002
233.694904
233.585356
233.297355
233.4954
233.657784
233.456397
233.428156
233.247973
233.029277
233.151378
233.397589
233.357827
233.057642
232.919939
232.857047
232.972835
233.205585
233.615798
233.382434
233.456254
233.650385
233.662358
233.40479
233.077071
233.168153
233.009385
232.987442
232.895806
232.68856
232.35567
232.359815
232.324214
232.32464
232.105721
231.89857
231.834094
230.935006
230.759951
230.910025
231.01433
231.015622
231.048992
230.53149
229.274965
229.257166
229.020816
229.315551
229.32979
229.185678
228.648443
228.811403
229.195765
229.108611
228.870937
228.88409
229.029234
228.841446
228.676559
228.664225
228.640287
228.673282
228.7095
228.549006
228.71877
228.19517
228.262196
228.836832
229.475004
229.63109
229.761118
229.509455
229.790386
229.943897
230.36945
230.438056
230.654842
230.857819
231.079394
231.526196
232.35232
232.651256
232.644277
232.365767
232.61214
232.310622
231.61435
230.79064
231.238802
231.62951
231.77
231.903621
231.718408
231.969332
231.947706
232.537044
232.776388
233.037789
233.044039
232.794185
232.577073
232.709145
232.153682
231.961963
231.817083
231.71321
231.447818
231.442377
231.769792
232.725717
232.452374
232.352416
232.312646
232.562925
232.515537
232.401108
232.860215
233.058287
232.952561
232.580502
232.402059
232.048051
231.116265
231.182109
230.954136
231.088891
231.863004
231.590934
231.630331
231.52214
232.115324
232.205824
232.102324
232.416352
232.076368
232.167747
232.084887
232.22076
231.685318
231.691487
231.959719
232.255992
232.334327
232.388707
232.234639
232.570801
232.455788
232.527641
232.369542
232.070585
232.178483
232.299151
232.15935
232.147433
232.104614
232.031273
231.622122
231.408875
231.531427
232.085802
231.717219
231.837915
232.39624
232.203595
232.266671
231.998256
231.89678
232.062235
232.149028
231.916485
231.502613
231.758374
231.78319
232.241263
232.221636
232.251288
232.211127
232.050446
231.79531
232.037527
231.978475
231.844002
231.988504
231.868572
231.999127
232.134365
231.441562
231.159884
231.388329
231.37613
231.591113
231.598751
231.459172
230.494017
229.801012
229.773046
230.340982
229.721583
229.109078
229.680346
230.4207
230.605014
230.457724
230.223582
230.23777
229.919893
230.088033
230.173255
230.295261
229.995545
230.123695
230.742529
230.880857
230.701433
230.62686
230.761395
230.592474
230.781384
230.877385
230.776478
230.847476
231.344754
231.232224
231.11002
231.285914
231.57754
231.690621
231.858429
231.983833
232.136531
231.718777
231.883971
231.673829
231.651944
231.391062
232.009358
231.748231
231.55049
231.887596
231.954262
231.973631
231.99041
231.847218
231.89148
231.929482
232.065044
231.587142
232.031014
231.506912
231.296552
231.890998
231.720661
231.467476
231.390018
231.537364
231.910458
232.105718
231.522484
230.777192
230.594898
230.676736
230.980474
230.941856
231.084865
231.029362
231.44887
231.395454
231.202313
231.10535
230.80548
230.939647
231.113146
231.46231
231.65368
231.587783
231.532727
231.456018
231.425175
231.484557
231.502443
231.320623
231.255984
231.185419
230.963842
230.943659
231.088471
231.297969
231.514588
230.938512
231.600265
231.472508
231.746579
231.743725
231.494065
232.03171
231.963577
231.747707
231.457213
231.521862
231.532585
231.515668
231.609901
231.130006
230.803075
230.747793
230.696826
229.784579
229.161968
229.145143
229.544462
230.13601
229.787343
230.301952
230.336927
230.4105
230.439364
230.342661
230.652857
230.740143
230.727803
230.573811
230.604782
230.736247
230.961346
231.060567
230.789742
231.125139
231.110041
231.15853
230.921133
231.153663
231.165238
231.262142
230.964593
231.085389
230.67423
230.52374
230.663313
229.941844
229.96326
230.16677
229.86231
229.497625
230.08673
230.173455
229.86785
229.760021
229.467055
229.04515
229.037693
229.503188
229.335449
229.480465
229.775146
229.92446
230.327835
229.910992
230.186445
229.934188
229.925652
230.156119
230.496133
230.715773
230.685171
230.874746
230.749353
230.533162
230.482611
230.588588
230.681204
230.42302
230.489238
230.555558
230.460302
230.484814
229.925599
229.65814
229.88512
230.02551
229.940841
230.051639
230.019079
229.916904
230.075016
230.034692
230.079774
230.315719
230.350946
230.505933
230.485893
230.352167
230.554919
230.554233
230.578465
230.700284
230.846116
230.598961
230.790257
230.726102
230.562018
230.749516
230.464749
230.537818
230.482876
230.680066
231.127018
231.12264
231.127656
230.800632
230.792669
230.901098
230.930844
230.798047
230.745697
230.363387
230.693329
230.67802
230.577924
230.812789
230.81182
230.896604
231.078907
231.214527
231.243915
231.187737
231.150615
230.878392
231.235652
231.495564
231.362936
231.326284
230.983935
231.08618
231.469414
231.547264
231.611308
231.374567
231.116064
231.378031
231.649479
231.561143
231.528378
231.386473
231.831362
231.913667
231.301351
231.554019
231.597322
231.558479
231.555451
231.526208
231.728851
231.60398
231.790963
237.276319
242.595349
246.366516
244.743422
245.726398
249.865022
249.657921
245.57522
243.026172
245.323588
244.312372
242.456714
240.508943
241.403666
241.425207
241.389266
239.380144
239.595405
240.494535
239.413033
240.064641
241.203504
242.853381
242.999915
243.18446
243.954626
245.444404
245.087354
244.521151
244.868909
244.196195
244.200167
244.91868
244.744054
243.776684
243.927445
243.575614
242.683279
242.975461
243.751734
243.704963
244.600412
245.0207
245.848506
245.761642
245.66622
246.040047
246.713331
246.514669
247.226404
246.921618
247.119644
248.980982
251.799681
250.611713
249.109919
249.371109
248.859708
248.118947
247.481814
246.31495
246.712957
246.407192
246.430424
246.732537
246.993831
247.054613
248.502159
247.396533
247.209971
246.51541
246.565586
246.94059
247.058812
246.871591
247.210553
247.367101
246.753373
246.725286
246.59653
247.30894
247.71899
247.781054
247.686736
247.9419
247.85988
248.229143
249.331084
249.222657
249.169688
249.960086
249.82921
249.896321
250.350552
250.445532
250.397382
249.744502
247.899855
248.323206
248.215583
247.731321
247.927047
248.667963
248.896297
249.136097
248.527064
248.959915
249.173625
249.287756
249.118929
249.314606
248.789156
248.823477
248.518629
248.744895
248.790597
248.606097
247.04279
246.294356
246.62654
247.257271
247.007227
246.137783
246.300557
246.966126
246.85619
246.398848
246.350287
246.81567
245.728311
246.218439
246.119193
246.371567
246.448012
246.237678
246.078884
244.598085
244.002403
243.975122
244.056681
244.209031
244.120615
244.431351
244.188564
244.893599
245.852715
245.69951
245.862175
247.118575
246.681156
246.534956
246.747576
246.606433
246.27159
246.289422
245.927663
246.241689
246.501191
246.638706
246.803809
246.806468
247.101597
247.127754
247.64459
247.575333
247.647306
247.533229
247.389749
247.152339
247.063479
246.89067
246.977827
246.896615
246.985691
247.029351
247.026178
247.188387
247.892552
248.357199
248.342868
248.172046
248.602635
248.675554
248.8608
248.454268
248.714402
248.590045
248.478481
248.548098
248.593523
248.592545
248.323643
248.189359
248.159819
247.409192
247.273901
247.395402
247.082261
246.886911
247.134486
247.124189
247.224477
247.31108
246.811756
246.467114
246.265704
246.240862
246.531926
246.45663
246.429295
246.488702
246.777506
247.018517
246.728581
247.086759
247.187568
247.180906
247.125573
247.034721
247.085089
247.069023
247.416153
247.535481
247.588359
247.706775
247.707057
247.436764
247.391531
247.589852
247.356683
247.526686
247.891182
248.193834
248.1806
248.092678
247.943807
247.701328
247.588431
247.6154
247.461447
247.442243
247.336101
247.356029
247.460595
247.358375
247.545673
247.577276
247.569891
247.635725
247.99909
248.439176
248.430863
247.778802